1.0696
1.0283
1.0467
1.0801
1.0561
1.0687
1.0190
1.0953
1.0360
1.0844
1.0372
1.0407
1.0770
1.0791
1.0633
1.0509
1.0155
1.0523
1.0381
1.0497
1.0194
1.0550
1.0609
1.0521
1.0397
1.0309
1.0955
1.0188
1.0257
1.0375
1.1073
1.0577
1.0908
1.0525
1.0345
1.0262
1.0987
1.0747
1.0494
1.0268
1.0265
1.0353
1.0284
1.0265
1.0341
1.0460
1.0174
1.0281
1.0402
1.0619
1.0375
1.0325
1.0400
1.0750
1.0341
1.0506
1.0333
1.0491
1.0583
1.0307
1.0737
1.0390
1.0325
1.1064
1.0980
1.0370
1.0405
1.0305
1.0730
1.0295
1.0647
1.0175
1.0369
1.0221
1.0702
1.0303
1.0466
1.0361
1.0381
1.0487
1.0254
1.0384
1.0477
1.0643
1.0724
1.0736
1.0208
1.0259
1.0127
1.0548
1.0587
1.0338
1.0385
1.1064
1.0166
1.0483
1.0892
1.0694
1.0245
