1.0289
1.0495
1.0250
1.0236
1.0285
1.0706
1.0892
1.0562
1.0823
1.0417
1.0278
1.0417
1.0366
1.0385
1.0249
1.0276
1.0448
1.0884
1.0981
1.0278
1.0261
1.0287
1.0333
1.0343
1.0282
1.0254
1.0290
1.0580
1.0409
1.0256
1.0322
1.0313
1.0325
1.0343
1.0224
1.0387
1.0254
1.0820
1.0346
1.0512
1.0289
1.0896
1.0917
1.0283
1.0323
1.0397
1.0307
1.0351
1.0341
1.0221
1.0974
1.0261
1.0267
1.0930
1.0434
1.0269
1.0294
1.0297
1.0480
1.0330
1.0277
1.0267
1.0271
1.0297
1.0617
1.0988
1.0272
1.0242
1.0300
1.0328
1.0366
1.0305
1.0255
1.0933
1.0327
1.0318
1.0300
1.0302
1.0941
1.0278
1.0779
1.0306
1.0309
1.0275
1.0325
1.0881
1.0968
1.0919
1.0301
1.0334
1.0296
1.0273
1.0252
1.0314
1.0999
1.0250
1.0318
1.0321
1.0232
1.0376
