1.0216
1.0409
1.0201
1.0404
1.0311
1.0272
1.0623
1.0288
1.0268
1.0497
1.0423
1.0293
1.0369
1.0370
1.0308
1.0290
1.0295
1.0322
1.0390
1.0245
1.0328
1.0485
1.0410
1.0411
1.0254
1.0255
1.0373
1.0274
1.0562
1.0292
1.0429
1.0348
1.0312
1.0366
1.0335
1.0490
1.0291
1.0411
1.0357
1.0367
1.0417
1.0325
1.0322
1.0238
1.0220
1.0416
1.0348
1.0576
1.0396
1.0263
1.0352
1.0440
1.0319
1.0387
1.0232
1.0406
1.0275
1.0299
1.0703
1.0331
1.0337
1.0411
1.0268
1.0374
1.0454
1.0317
1.0330
1.0251
1.0335
1.0314
1.0351
1.0401
1.0216
1.0421
1.0338
1.0414
1.0443
1.0409
1.0491
1.0352
1.0356
1.0204
1.0369
1.0393
1.0295
1.0295
1.0517
1.0340
1.0397
1.0359
1.0322
1.0251
1.0621
1.0251
1.0263
1.0371
1.0238
1.0629
1.0470
1.0269
