1.0225
1.0265
1.0332
1.0217
1.0547
1.0373
1.0259
1.0280
1.0300
1.0281
1.0174
1.0285
1.0683
1.0313
1.0590
1.0302
1.0323
1.0362
1.0665
1.0307
1.0222
1.0750
1.0817
1.0325
1.0311
1.0252
1.0567
1.0193
1.0334
1.0485
1.0532
1.0252
1.0248
1.0349
1.0414
1.0432
1.0505
1.0342
1.0540
1.0394
1.0362
1.0320
1.0472
1.0241
1.0326
1.0423
1.0506
1.0231
1.0252
1.0313
1.0551
1.0355
1.0415
1.0458
1.0610
1.0499
1.0488
1.0270
1.0350
1.0196
1.0522
1.0342
1.0207
1.0296
1.0340
1.0665
1.0333
1.0361
1.0292
1.0261
1.0232
1.0588
1.0676
1.0331
1.0334
1.0247
1.0309
1.0507
1.0196
1.0417
1.0295
1.0332
1.0249
1.0415
1.0448
1.0284
1.0515
1.0391
1.0292
1.1094
1.0497
1.0388
1.0704
1.0457
1.0437
1.0435
1.0494
1.0394
1.0393
1.0739
