1.0739
1.0288
1.0281
1.0286
1.0512
1.0771
1.0383
1.0412
1.0142
1.0325
1.0298
1.0812
1.0116
1.0784
1.0249
1.0631
1.0587
1.0255
1.0777
1.0543
1.0662
1.0332
1.0735
1.0650
1.0241
1.0384
1.0619
1.0841
1.0991
1.0615
1.0322
1.0231
1.0463
1.0749
1.0380
1.0430
1.0526
1.0297
1.0843
1.0533
1.0404
1.0505
1.0430
1.0723
1.0241
1.0274
1.0345
1.0219
1.0820
1.0235
1.0228
1.0183
1.0271
1.0575
1.0189
1.0069
1.0144
1.0308
1.0396
1.0534
1.0167
1.0346
1.0189
1.0560
1.0333
1.0493
1.0268
1.0323
1.0344
1.0416
